Call:
lda(SITE ~ ., data = m.pct.prov)

Prior probabilities of groups:
Balinga-Bokonda    Balinga-Wema          Basoko          Boleko         Bolondo          Dama 1   Ekoli-Bokungu       Engengele          Ikenge    Isaka-Elinga       Liyolongo 
           0.08            0.04            0.12            0.04            0.04            0.08            0.12            0.08            0.28            0.04            0.04 
        Pikunda 
           0.04 

Group means:
                      Al         Ca       Fe        K         Mn          Nb         P          Pb          Rb       Si          Sr          Ta          Th        Ti          Zn
Balinga-Bokonda 7.666925 0.40043333 2.145808 1.665875 0.02355000 0.004750000 0.1716833 0.004250000 0.005925000 33.16108 0.008675000 0.004675000 0.001116667 1.0874833 0.004450000
Balinga-Wema    9.647050 0.40610000 3.056600 1.089150 0.02445000 0.005150000 0.1124500 0.005350000 0.006350000 30.98725 0.009950000 0.003350000 0.001100000 1.2914667 0.004633333
Basoko          8.123289 0.54992222 4.432217 1.892767 0.06856667 0.004150000 0.1323667 0.004700000 0.010500000 31.41552 0.008311111 0.005216667 0.002033333 0.5224500 0.011444444
Boleko          9.250850 0.24483333 2.288050 1.402800 0.01470000 0.004300000 0.1454667 0.003550000 0.009000000 32.21090 0.006950000 0.004650000 0.001750000 0.9376500 0.006100000
Bolondo         8.893150 0.31950000 2.083367 1.178033 0.01940000 0.004150000 0.1065500 0.004500000 0.004650000 32.31150 0.007450000 0.006750000 0.000000000 1.1976333 0.003400000
Dama 1          7.625267 0.70065833 5.747942 2.112175 0.06017500 0.004508333 0.1178917 0.003725000 0.007525000 30.70913 0.008275000 0.004650000 0.002083333 0.7342500 0.006850000
Ekoli-Bokungu   7.926317 0.47120000 1.958067 2.340094 0.01948889 0.005416667 0.2097667 0.005500000 0.006350000 32.22029 0.010233333 0.005333333 0.001266667 1.1393500 0.005516667
Engengele       7.149450 0.65495000 2.654508 1.544125 0.01260000 0.003525000 0.1704917 0.002850000 0.008375000 33.68140 0.009050000 0.003175000 0.001725000 0.5478500 0.005450000
Ikenge          8.926367 0.09754286 1.183629 1.261164 0.01468095 0.007409524 0.1071524 0.005933333 0.001640476 32.82695 0.006964286 0.004490476 0.001392857 1.6024881 0.001978571
Isaka-Elinga    7.547400 0.12660000 0.988250 1.179500 0.01255000 0.011600000 0.1082333 0.007250000 0.001200000 33.48293 0.009500000 0.007800000 0.002100000 2.4498000 0.000000000
Liyolongo       7.687400 0.13173333 1.675033 1.632950 0.01950000 0.005650000 0.1652500 0.005300000 0.003850000 34.21770 0.007050000 0.004550000 0.001150000 1.2746000 0.003350000
Pikunda         7.973450 0.31885000 4.771950 1.371200 0.04480000 0.004050000 0.1486500 0.003050000 0.009850000 32.03135 0.004600000 0.005066667 0.001650000 0.7910333 0.006950000
                        Zr
Balinga-Bokonda 0.05374167
Balinga-Wema    0.05245000
Basoko          0.03706667
Boleko          0.09276667
Bolondo         0.05680000
Dama 1          0.06818333
Ekoli-Bokungu   0.04641667
Engengele       0.02754167
Ikenge          0.05754286
Isaka-Elinga    0.08210000
Liyolongo       0.06145000
Pikunda         0.04495000

Coefficients of linear discriminants:
             LD1           LD2          LD3           LD4           LD5          LD6          LD7          LD8           LD9         LD10          LD11
Al  3.702658e+00     6.1369398   -0.3121309  4.700315e-02    -0.5031050    1.7089340     1.501784   -0.5494628     0.4677591     1.599280 -2.510119e-01
Ca -7.549876e+00    13.3810379   -4.4578979 -1.008918e+01     2.4757559   -3.0634407     8.651033   -0.7708676     2.4751305     7.163983  6.306913e-01
Fe  3.531683e+00    -0.5061545   -1.2179205  6.201411e-02    -0.4249599    0.2900196     1.267835    0.5851194     0.7057917     1.225218 -4.399684e-01
K   8.280331e+00     7.7323382    0.3643933  3.060449e+00    -0.4029427    3.9377945     2.165003   -0.8036054     1.3475449     2.976867 -3.423939e-01
Mn -1.749457e+02   209.6883329  102.1222839 -3.709120e+01    44.1571378   23.8512539   -50.115913  -41.5319949    22.7184914   -28.416296  2.898511e+01
Nb -5.644692e+03 -2133.0206631 2694.4672081  7.633586e+02   516.2368588 -261.7818329  -819.350828 -693.2638524 -1015.9520896 -1058.579794  7.539796e+02
P   7.834541e-02   -30.1484524  -37.5110413 -1.020307e+01   -15.2421626  -25.2020266    -5.866017   -8.2592068   -18.9586597    -6.063271  8.602073e+00
Pb -4.147621e+03  3651.3593139   92.6982252 -2.370571e+03   -47.0514217 -297.4412564   282.623932  778.5338305    23.4311202   797.547240 -7.665128e+02
Rb  2.195305e+03   -62.7858556   44.8343242  1.083681e+03  -255.4642465  319.5135672   182.557241  243.7485988   110.9498721    96.861904 -5.139518e+01
Si  1.542247e+00     7.6342141    0.3067618  7.476674e-01    -0.6695616    2.2355259     1.348241   -0.0753604     1.8982104     2.008575 -3.739797e-01
Sr  1.031197e+03   664.4381620 -355.5062810 -8.777062e+01  -116.7318301  109.1235335 -1122.986165  137.8911920    87.5686276  -557.532721 -4.558507e+01
Ta  3.067876e+03 -1561.5455948 -435.3168071  7.562666e+02  1199.3040063 -577.5931024  -353.491357 -470.0421133  -297.6710526   -96.149926 -3.866203e+02
Th  5.860501e+03 -9475.0773999  -24.3084949 -1.275776e+03 -2989.6961206 -649.4265216  -291.035464  -36.3744212    45.5785213   814.046728 -1.238731e+03
Ti  6.887551e+00     7.6931453   -9.8296764  9.301461e+00    -4.1784039    2.4507217     9.598277    4.7418214     7.0592805     7.780958  4.242234e-02
Zn -4.372870e+02   424.5568242  240.5616542  6.059181e+02    53.2693702  312.7736768   308.477244  365.7345171   173.2763012   203.759800  2.295748e+02
Zr -6.468698e+02  -160.6953100 -102.8263202 -8.713862e+01    30.6686106   57.0312627   -42.801299    2.6789034    -1.2120897   -12.814937  8.925683e+00

Proportion of trace:
   LD1    LD2    LD3    LD4    LD5    LD6    LD7    LD8    LD9   LD10   LD11 
0.8631 0.0975 0.0200 0.0083 0.0058 0.0023 0.0013 0.0007 0.0006 0.0003 0.0000 
